27,4
27,1
27,3
0,452
0,451
25,2
0,450
0,449
0,448
0,447
0,446
0,445
0,444
0,443
0,442
0,441
0,440
0,439
0,438
0,437
0,436
0,435
0,434
0,433
0,432
0,431
0,430
0,429
0,428
0,427
0,426
0,425
0,424
0,423
0,422
0,421
0,420
0,419
0,418
0,417
0,416
0,415
0,414
0,413
0,412
0,411
0,410
0,409
0,408
0,407
0,406
0,405
0,404
0,403
0,402
0,278
0,401
0,400
0,399
0,398
0,397
0,396
0,395
0,394
0,393
0,392
0,391
0,273
0,270
31,4
31,3
31,2
31,1
31,0
30,3
30,2
30,1
30,0
0,390
0,389
0,386
29,3
29,2
0,9
29,1
29,0
25,1
25,3
28,35
3,1
3,3
10,69
10,179
10,111
10,103
10,129
10,93
11,16
11,29
11,19
11,26
11,27
11,25
11,20
11,24
11,28
11,23
11,17
11,22
11,7
